[581.9999999999995, 273.9999999999997, 700.0, 320.99999999999994]
[79.99999999999967, 381.9999999999997, 288.0, 449]
[41.0, 219.0, 115.0, 259.9999999999999]
[217.0, 312.9999999999999, 359.0, 359.0]
[208.99999999999923, 219.99999999999963, 865.9999999999999, 553.9999999999999]
[105.99999999999987, 279.9999999999998, 260.99999999999994, 335.00000000000006]
[226.99999999999946, 240.9999999999997, 443.99999999999994, 314.9999999999999]
[266.9999999999998, 247.99999999999991, 396.0, 320.0]
[644.4792176039105, 507.70628571428495, 892.5525672371629, 578.043428571428]
[674.3471882640586, 364.5391304347823, 957.6528117359414, 572.0869565217387]
[199.9999999999995, 138.0, 421.99999999999983, 219.0]
[348.0, 377.99999999999943, 499.0, 436.99999999999983]
[215.0, 185.9999999999997, 436.99999999999994, 238.99999999999963]
[99.0, 221.99999999999966, 243.9999999999997, 335.99999999999983]
[151.0, 102.99999999999977, 360.0, 185.99999999999997]
[273.9999999999998, 343.99999999999966, 516.9999999999998, 430.9999999999998]
[291.99999999999983, 258.0, 489.0, 319.9999999999999]
[59.9999999999999, 215.99999999999983, 186.99999999999974, 279.99999999999983]
[333.99999999999994, 190.99999999999994, 432.99999999999994, 233.99999999999991]
[261.99999999999966, 189.99999999999994, 741.9999999999992, 392.99999999999994]
[147.99999999999974, 177.99999999999974, 354.9999999999999, 274.9999999999999]
[272.99999999999955, 2.999999999999505, 510.99999999999994, 65.99999999999957]
[249.99999999999977, 506.00000000000006, 486.9999999999998, 584.0]
[288.0, 423.0, 571.9999999999995, 496.0]
[162.0, 197.99999999999972, 430.99999999999983, 277.9999999999998]
[283.0, 177.99999999999977, 432.9999999999998, 220.99999999999997]
[183.0, 218.99999999999986, 456.9999999999996, 319.9999999999998]
[49.0, 184.99999999999994, 247.0, 293.99999999999966]
[296.5541972290129, 123.41739130434647, 2422.2200488997546, 614.9217391304337]
[121.27139364303041, 43.059829059829056, 1495.680521597392, 337.9544159544151]
[284.6552567237155, 176.3452914798201, 1442.992665036675, 685.6502242152462]
[450.0, 277.0, 568.0000000000001, 355.99999999999966]
[112.99999999999984, 238.0, 281.0, 313.99999999999994]
[45.99999999999928, 348.99999999999994, 261.99999999999994, 416.99999999999966]
[1185.4278728606334, 967.5680981595085, 2486.06356968215, 1355.8085889570536]
[314.9999999999995, 262.9999999999998, 544.0, 321.9999999999994]
[97.0, 99.00000000000001, 195.0, 138.99999999999986]
[121.99999999999994, 107.99999999999979, 192.0, 169.9999999999998]
[794.0537897310501, 485.6086956521732, 912.4303178484106, 524.191304347826]
[7.999999999999801, 81.0, 298.99999999999983, 167.99999999999986]
[154.99999999999972, 182.99999999999991, 315.0, 256.99999999999966]
[154.9999999999999, 225.99999999999972, 338.9999999999998, 298.0]
[26.000000000000004, 261.9999999999998, 164.0, 329.0]
[26.000000000000004, 15.999999999999899, 485.0, 254.9999999999998]
[595.9999999999992, 463.99999999999994, 886.9999999999993, 530.0]
[406.9999999999999, 169.0, 534.0000000000001, 213.99999999999983]
[180.9999999999996, 278.9999999999998, 378.9999999999996, 350.99999999999994]
[397.0, 420.99999999999955, 598.0, 482.99999999999955]
[312.95843520782336, 291.0258620689651, 1125.6071719641395, 530.9396551724137]
[114.99999999999974, 196.00000000000006, 206.99999999999986, 241.0]
[441.9999999999994, 706.0, 666.0000000000001, 789.0]
[370.99999999999966, 201.9999999999999, 499.9999999999997, 260.99999999999983]
[48.999999999999766, 291.99999999999966, 196.0, 345.99999999999994]
[208.0, 155.99999999999983, 355.0, 194.99999999999994]
[104.0, 228.99999999999974, 281.0, 287.9999999999997]
[281.0, 187.99999999999994, 443.0, 236.99999999999986]
[382.0, 396.99999999999983, 522.0, 441.99999999999955]
[147.99999999999994, 181.9999999999996, 286.99999999999966, 234.0]
[91.9999999999997, 253.99999999999991, 300.99999999999955, 368.0]
[147.0, 234.0, 357.0, 323.99999999999966]
[769.043194784025, 725.6347826086948, 1121.8516707416459, 844.591304347826]
[122.99999999999989, 208.9999999999999, 290.9999999999997, 260.9999999999998]
[6.0, 9.999999999999941, 495.0, 245]
[34.99999999999997, 195.0, 191.9999999999998, 272.0]
[61.99999999999996, 131.99999999999994, 174.9999999999998, 189.99999999999986]
[19.0, 23.99999999999986, 249.0, 166.99999999999991]
[92.99999999999986, 131.9999999999998, 361.99999999999966, 283.9999999999999]
[42.999999999999794, 199.99999999999977, 113.99999999999962, 264.99999999999983]
[90.99999999999994, 295.9999999999998, 210.99999999999952, 344.0]
[148.99999999999994, 203.99999999999977, 324.99999999999966, 261.0]
[162.99999999999991, 213.99999999999991, 304.9999999999998, 261.0]
[141.0, 247.99999999999977, 343.0, 311.99999999999983]
[138.0, 77.99999999999987, 381.0, 185.99999999999997]
[160.99999999999957, 182.99999999999966, 294.99999999999943, 230.0]
[159.0, 162.99999999999974, 343.0, 225.99999999999997]
[412.99999999999983, 143.9999999999997, 519.9999999999997, 185.99999999999991]
[145.0, 200.0, 325.0, 249.9999999999999]
[452.99999999999994, 109.99999999999994, 825.9999999999998, 241.9999999999998]
[153.9999999999996, 138.9999999999998, 297.99999999999994, 194.00000000000003]
[559.0, 456.9999999999998, 848.0, 540.9999999999998]
[64.99999999999997, 137.99999999999977, 355.0, 249.99999999999977]
[334.9999999999997, 304.9999999999997, 471.9999999999999, 366.9999999999999]
[93.99999999999989, 46.99999999999989, 359.9999999999997, 221.99999999999991]
[200.0, 131.99999999999991, 344.0, 178.99999999999983]
[102.99999999999984, 208.9999999999997, 257.9999999999999, 276.0]
[146.0, 234.00000000000003, 364.0, 316.9999999999998]
[199.9999999999996, 185.00000000000006, 359.9999999999996, 262.99999999999994]
[784.84107579462, 651.3447432762829, 1079.706601466991, 742.2982885085568]
[1010.7579462102685, 570.6601466992656, 1425.9168704156473, 745.2322738386301]
[845.4686226568863, 804.8347826086951, 1592.2371638141797, 981.8239130434771]
[313.9999999999997, 103.99999999999989, 384.0, 147.99999999999974]
[606.0, 287.9999999999995, 782.0, 353.9999999999996]
[150.99999999999966, 353.9999999999999, 302.9999999999997, 425.9999999999997]
[57.99999999999969, 149.99999999999983, 170.99999999999966, 205.99999999999997]
[293.9999999999998, 211.99999999999963, 452.9999999999999, 263.99999999999966]
[301.99999999999955, 419.99999999999994, 670.9999999999992, 534.0]
[315.00000000000006, 192.99999999999986, 596.9999999999997, 267.9999999999998]
[122.99999999999986, 116.99999999999999, 220.99999999999986, 169.99999999999997]
[25.999999999999915, 63.999999999999865, 213.99999999999986, 147.99999999999994]
[101.0, 116.99999999999999, 258.0, 190.99999999999997]
[28.99999999999982, 52.99999999999991, 227.99999999999991, 161.99999999999991]
[20.999999999999826, 55.99999999999993, 226.99999999999994, 153.99999999999997]
[128.0, 73.99999999999987, 361.0, 201.99999999999983]
[299.97066014669866, 190.21834061135314, 2342.7286063569663, 716.4890829694315]
[314.99999999999983, 183.9999999999999, 458.9999999999998, 221.0]
[12.0, 106.99999999999996, 696.9999999999999, 399.99999999999955]
[229.9999999999997, 187.0, 326.9999999999997, 248.9999999999996]
[38.99999999999985, 36.999999999999936, 315.9999999999997, 189.99999999999991]
[38.99999999999996, 38.99999999999974, 566.9999999999997, 339.9999999999999]
[41.99999999999982, 81.99999999999984, 411.99999999999994, 185.99999999999991]
[20.9999999999997, 169.99999999999983, 411.99999999999983, 399.0]
[53.0, 177.9999999999996, 743.0000000000001, 324.99999999999966]
[22.0, 49.99999999999987, 499.0, 361.9999999999999]
[15.999999999999721, 121.0, 479.9999999999996, 284.0]
[185.99999999999997, 349.99999999999994, 381.9999999999997, 417.9999999999996]
[48.0, 73.9999999999998, 598.9999999999999, 187.99999999999966]
[114.9999999999996, 126.00000000000001, 522.0, 325.9999999999998]
[160.99999999999983, 115.99999999999964, 432.9999999999996, 248.99999999999986]
[123.00000000000001, 131.99999999999977, 325.9999999999997, 241.99999999999994]
[12.99999999999984, 63.99999999999972, 471.00000000000006, 160.99999999999991]
[135.99999999999963, 153.99999999999986, 376.9999999999999, 219.99999999999986]
[26.999999999999847, 36.999999999999964, 428.9999999999999, 129.9999999999997]
[6.0, 32.99999999999991, 220.0, 123.99999999999986]
[266.9999999999997, 321.9999999999999, 498.99999999999943, 410.99999999999955]
[135.0, 117.99999999999991, 320.0, 196.99999999999983]
[167.0, 99.99999999999991, 350.00000000000006, 163.99999999999986]
[443.0, 254.99999999999977, 639.0, 346.9999999999999]
[191.99999999999957, 54.999999999999915, 607.9999999999995, 208.99999999999994]
[156.0, 97.99999999999979, 299.0, 153.99999999999997]
[138.0, 136.99999999999986, 378.0, 207.99999999999994]
[14.0, 12.999999999999988, 499.0, 115.99999999999994]
[226.9999999999994, 178.99999999999963, 381.99999999999955, 227.99999999999966]
[194.99999999999986, 196.99999999999977, 304.9999999999999, 256.99999999999994]
[204.00000000000003, 268.9999999999999, 357.0, 378.9999999999997]
[106.99999999999976, 152.9999999999998, 254.99999999999963, 206.0]
[127.99999999999942, 281.99999999999994, 306.9999999999995, 320.99999999999983]
[155.0, 200.9999999999997, 328.0, 274.0]
[179.0, 261.99999999999994, 394.99999999999966, 336.9999999999996]
[126.99999999999991, 289.99999999999966, 308.9999999999997, 365.9999999999997]
[23.999999999999737, 206.99999999999986, 147.99999999999997, 252.99999999999997]
[217.99999999999977, 153.99999999999991, 314.9999999999997, 186.0]
[146.0, 133.99999999999974, 395.0, 195.99999999999983]
[638.0, 336.9999999999999, 749.0, 387.00000000000006]
[177.99999999999986, 204.9999999999996, 349.9999999999998, 273.99999999999994]
[110.0, 184.99999999999974, 438.0, 277.99999999999983]
[315.99999999999943, 276.99999999999983, 714.0, 386.0]
[189.0, 129.99999999999986, 357.0, 181.9999999999997]
[162.0, 226.99999999999983, 312.0, 273.9999999999999]
[114.9999999999996, 257.9999999999997, 414.99999999999966, 332.99999999999983]
[178.99999999999977, 264.99999999999994, 343.9999999999998, 320.9999999999997]
[139.0, 240.9999999999997, 342.0, 313.99999999999966]
[94.99999999999986, 95.99999999999986, 199.9999999999999, 141.0]
[119.99999999999972, 263.9999999999999, 229.99999999999997, 298.99999999999994]
[91.0, 137.9999999999999, 177.9999999999998, 169.99999999999983]
[177.99999999999966, 217.9999999999996, 398.9999999999998, 296.9999999999997]
[315.0, 279.9999999999994, 877.9999999999998, 392.99999999999983]
[353.9999999999995, 191.99999999999997, 586.0, 287.9999999999998]
[62.999999999999766, 126.99999999999987, 291.0, 223.9999999999999]
[83.0, 33.99999999999995, 369.0, 482.9999999999996]
[365.11817440912773, 245.21739130434747, 776.1369193154023, 478.9565217391299]
[1017.1149144254266, 615.1304347826084, 1272.176039119803, 677.7391304347816]
[258.99999999999966, 214.00000000000003, 325.9999999999998, 262.9999999999999]
[86.00000000000001, 18.0, 239.0, 57.999999999999964]
[340.99999999999983, 228.99999999999977, 510.0, 313.99999999999983]
[232.99999999999974, 370.9999999999997, 426.99999999999943, 429.99999999999955]
[114.99999999999942, 173.0, 317.9999999999999, 240.00000000000003]
[18.0, 33.999999999999844, 320, 157.9999999999999]
[288.0, 300.9999999999999, 583.9999999999998, 399.99999999999983]
[218.9999999999995, 140.99999999999997, 434.0, 196.99999999999974]
[12.0, 66.0, 249.0, 199.0]
[555.827220863894, 441.84782608695605, 1745.7212713936422, 1079.347826086956]
[396.251018744906, 673.9266055045866, 799.918500407498, 783.0688073394492]
[16.0, 7.999999999999931, 495.0, 134.0]
[221.0, 121.99999999999976, 431.0, 183.9999999999999]
[209.0, 82.99999999999984, 448.0, 159.99999999999986]
[132.99999999999955, 217.9999999999998, 487.9999999999996, 423.9999999999998]
[130.0, 180.99999999999991, 263.00000000000006, 225.0]
[36.0, 123.00000000000001, 110.00000000000001, 165.0]
[239.99999999999952, 262.99999999999966, 319.0, 321.9999999999997]
[389.0, 450.0, 600.0, 509.0000000000001]
[218.99999999999994, 130.99999999999983, 487.9999999999998, 194.9999999999997]
[285.0, 251.99999999999997, 497.00000000000006, 320.00000000000006]
[182.9999999999999, 203.9999999999999, 254.99999999999977, 232.99999999999972]
[169.0, 260.0, 358.0, 297.9999999999997]
[100.0, 147.99999999999986, 259.0, 207.9999999999998]
[205.99999999999963, 271.9999999999999, 350.9999999999997, 323.9999999999998]
[196.99999999999983, 185.99999999999991, 405.0, 233.99999999999991]
[232.99999999999983, 178.0, 354.9999999999996, 224.00000000000003]
[787.2518337408313, 241.4624145785876, 1047.261613691931, 302.3439635535306]
[165.99999999999974, 199.99999999999983, 571.9999999999997, 353.99999999999966]
[114.9999999999998, 85.99999999999996, 226.9999999999998, 116.99999999999994]
[333.0, 933.9999999999999, 645.9999999999994, 1062.0]
[534.84107579462, 381.04637681159403, 778.3211083944576, 473.76086956521686]
[3.0, 22.0, 250, 189.0]
[87.9999999999999, 99.0, 135.99999999999991, 127.9999999999998]
[79.99999999999964, 125.99999999999997, 198.99999999999972, 183.9999999999999]
[157.0, 268.0, 337.99999999999983, 338.0]
[111.9999999999999, 123.99999999999964, 232.99999999999983, 193.99999999999991]
[195.0, 198.9999999999998, 279.99999999999966, 233.99999999999991]
[559.9999999999998, 205.99999999999994, 669.9999999999998, 249.9999999999998]
[19.999999999999556, 243.99999999999974, 99.99999999999974, 318.9999999999999]
[250.99999999999977, 186.99999999999974, 374.99999999999983, 233.99999999999974]
[99.0, 204.99999999999983, 409.00000000000006, 311.00000000000006]
[243.9999999999996, 229.9999999999998, 376.99999999999983, 303.99999999999983]
[159.99999999999986, 210.9999999999998, 284.99999999999966, 262.9999999999998]
[99.99999999999987, 155.99999999999986, 267.9999999999996, 217.0]
[363.0, 166.0, 435.0, 202.00000000000003]
[137.99999999999957, 65.99999999999999, 450.99999999999955, 154.99999999999977]
[154.0, 196.0, 377.0, 259.00000000000006]
[56.0, 220.99999999999977, 265.0, 288.99999999999983]
[130.99999999999972, 103.9999999999999, 404.99999999999983, 225.99999999999997]
[157.0, 89.0, 382.0, 160.0]
[144.00000000000003, 112.99999999999984, 348.00000000000006, 198.99999999999974]
[124.0, 109.99999999999994, 399.99999999999994, 206.99999999999977]
[143.00000000000003, 243.99999999999972, 339.0, 320.99999999999994]
[184.0, 304.99999999999983, 389.0, 370.0]
[237.00000000000003, 101.99999999999983, 387.0, 161.99999999999997]
[110.9999999999997, 116.99999999999973, 390.9999999999996, 210.9999999999998]
[180.0, 114.99999999999993, 380.0, 187.99999999999977]
[139.9999999999999, 154.99999999999986, 327.9999999999999, 211.99999999999991]
[54.999999999999986, 190.99999999999977, 193.99999999999994, 237.99999999999994]
[92.99999999999967, 331.9999999999997, 297.9999999999998, 405.99999999999994]
[141.0, 220.9999999999998, 351.00000000000006, 272.9999999999998]
[136.0, 195.9999999999998, 348.00000000000006, 277.9999999999998]
[23.99999999999985, 35.99999999999998, 187.0, 103.9999999999999]
[143.00000000000003, 205.99999999999966, 402.0, 272.9999999999999]
[186.0, 97.99999999999976, 363.0, 154.99999999999983]
[100.0, 143.0, 218.00000000000003, 193.9999999999999]
[108.99999999999989, 105.99999999999991, 234.9999999999998, 161.99999999999997]
[101.99999999999999, 134.0, 262.00000000000006, 200.0]
[140.0, 148.99999999999983, 323.99999999999983, 219.99999999999983]
[12.999999999999885, 116.9999999999998, 146.9999999999999, 185.99999999999983]
[172.0, 222.99999999999972, 353.0, 284.99999999999966]
[184.0, 150.99999999999986, 308.0, 205.9999999999998]
[167.0, 202.0, 314.0, 254.99999999999986]
[173.00000000000003, 198.99999999999986, 258.99999999999983, 237.99999999999974]
[15.99999999999998, 18.999999999999986, 366.99999999999966, 126.0]
